Base ProperDecay All Alphas: Sharpe -0.096, Fitness -0.028, TO 0.513

Alpha Metrics:
       sharpe  turnover   fitness
125  1.439313  0.328952  2.358494
98   1.320231  0.281886  2.254585
109  1.205775  0.292868  1.853372
116  1.193414  0.288412  1.910385
117  1.178655  0.287888  1.877164
115  1.170137  0.287202  1.852498
124  1.167852  0.306411  1.792221
103  1.165152  0.284769  1.853942
102  1.111476  0.304880  1.605778
105  1.068320  0.234175  1.917065
122  0.992981  0.370968  1.225220
123  0.945104  0.288989  1.311024
111  0.530647  0.677430  0.372089
104  0.498482  0.461609  0.407421
113  0.491826  0.132359  0.399533

Evaluating Combinations:
Top 5 Sharpe: Sharpe -0.053, TO 0.243
Low TO Filter: Sharpe -0.099, TO 0.437
Positive Fitness Subset: Sharpe 0.493, TO 0.428
